4 0.314906 0.531385 0.208937 0.928263
4 0.144594 0.555528 0.289188 0.888944
4 0.198789 0.348087 0.254641 0.624155
4 0.20068 0.287934 0.0539219 0.206103
4 0.732797 0.519847 0.274688 0.929507
4 0.588633 0.595822 0.0382031 0.140329
4 0.267453 0.482876 0.0775937 0.233122
4 0.387227 0.419648 0.0388281 0.137512
4 0.0934844 0.771901 0.186969 0.433709
4 0.0528203 0.549413 0.105547 0.298545
4 0.579289 0.378498 0.0779531 0.413803
4 0.691852 0.573744 0.0204531 0.0307277
4 0.50007 0.235728 0.136891 0.175023
