4 0.502547 0.340444 0.994906 0.662913
4 0.401805 0.584236 0.107797 0.384463
4 0.27082 0.604473 0.0755781 0.341219
4 0.738406 0.569669 0.062875 0.330331
4 0.593484 0.575 0.0739687 0.276488
4 0.527797 0.573667 0.0628125 0.27407
4 0.488664 0.57376 0.0522656 0.294752
4 0.324 0.578771 0.0689063 0.280558
4 0.74418 0.366963 0.0672969 0.195165
4 0.470961 0.322727 0.105297 0.15781
4 0.459164 0.583027 0.0480469 0.280723
4 0.295695 0.602986 0.0277656 0.0583264
4 0.311008 0.575919 0.0285156 0.0543182
4 0.730539 0.47436 0.00192187 0.0209504
4 0.770984 0.573388 0.0315625 0.0619008
4 0.704641 0.290393 0.0307812 0.0542562
4 0.451312 0.530269 0.0229062 0.154711
